1430 196166
14752 49212
70346 25046
94562 116556
83218 31862
151506 123788
111516 66910
146088 74994
175186 75998
199828 74366
159934 73190
161860 63608
86200 26458
147570 19396
194704 15186
240022 98138
192744 7738
474100 11754
589154 24574
522852 102750
569558 66882
586632 48780
588606 34236
595574 124408
497074 199944
575226 146948
583208 216430
552464 173908
562762 207012
583712 252122
494526 220476
552366 243438
490238 258484
449852 246256
440820 188746
369966 175030
376494 178818
397732 182728
428228 227942
383708 233000
337570 205576
377640 234800
326514 216386
388382 113170
451906 117484
478770 130772
423156 52508
501608 54902
415546 49326
389018 40426
443332 110682
360982 101010
339614 186642
238754 245122
307950 129828
364674 44530
303008 135762
275544 180430
257776 193900
328546 68606
337552 69068
343088 65174
332306 61476
269024 172824
209812 267402
188082 184906
247524 172044
214546 170412
279474 69876
182494 180538
145898 166928
85250 162106
182100 184026
186456 236480
145948 221964
77302 191684
164098 231696
57908 205090
146872 238738
47314 210822
191430 254742
76952 269356
123792 267846
46396 293586
62806 288532
164408 264358
66662 304450
37726 303530
40414 287672
21234 222632
25744 288840
26438 294852
66698 353174
68580 342296
37774 304298
66184 311030
103170 304836
151530 276578
116126 363558
101214 407934
65214 415414
67378 461020
100472 418358
153658 297590
209012 267304
223422 299482
198926 337186
150712 406398
145514 473594
149078 447742
163282 393430
185252 358844
275490 349814
291142 331704
323250 279316
309682 298828
302608 289646
299064 286598
297380 290608
305104 297918
274372 340364
194912 352706
249860 274572
247414 247860
287188 239108
316304 212722
423572 257640
360958 340872
321258 361724
339848 376254
360510 364310
366484 339950
396014 298596
385996 361750
381134 417864
381046 435026
286802 393946
315142 406678
290474 401178
293624 403156
376950 443210
299132 419096
240800 413872
337422 438070
173226 419960
232600 430626
377524 445842
387258 465890
323976 520800
267478 527794
320610 522886
316738 525486
251662 598942
318132 528214
382186 487030
357158 590230
371658 539732
389528 465486
451870 570792
378050 443630
416894 464458
419364 502848
419642 456068
383138 438042
402744 341796
396254 299124
422234 288678
420096 333682
414974 387862
458372 488534
419532 373490
437472 378780
488970 374016
508218 404352
486378 548678
493616 522174
518082 356794
452606 368666
427730 368288
428534 240048
477038 270038
545134 256736
592448 292382
597348 497804
578708 379386
589224 461930
555218 485856
503008 477962
589178 494618
449564 614868
94684 607370
222640 497690
157254 548640
83984 545108
137200 558988
117054 581082
83962 578792
38378 464040
33412 467512
2022 296926
1430 196166 14752 49212
14752 49212 70346 25046
70346 25046 94562 116556
94562 116556 83218 31862
83218 31862 151506 123788
151506 123788 111516 66910
111516 66910 146088 74994
146088 74994 175186 75998
175186 75998 199828 74366
199828 74366 159934 73190
159934 73190 161860 63608
161860 63608 86200 26458
86200 26458 147570 19396
147570 19396 194704 15186
194704 15186 240022 98138
240022 98138 192744 7738
192744 7738 474100 11754
474100 11754 589154 24574
589154 24574 522852 102750
522852 102750 569558 66882
569558 66882 586632 48780
586632 48780 588606 34236
588606 34236 595574 124408
595574 124408 497074 199944
497074 199944 575226 146948
575226 146948 583208 216430
583208 216430 552464 173908
552464 173908 562762 207012
562762 207012 583712 252122
583712 252122 494526 220476
494526 220476 552366 243438
552366 243438 490238 258484
490238 258484 449852 246256
449852 246256 440820 188746
440820 188746 369966 175030
369966 175030 376494 178818
376494 178818 397732 182728
397732 182728 428228 227942
428228 227942 383708 233000
383708 233000 337570 205576
337570 205576 377640 234800
377640 234800 326514 216386
326514 216386 388382 113170
388382 113170 451906 117484
451906 117484 478770 130772
478770 130772 423156 52508
423156 52508 501608 54902
501608 54902 415546 49326
415546 49326 389018 40426
389018 40426 443332 110682
443332 110682 360982 101010
360982 101010 339614 186642
339614 186642 238754 245122
238754 245122 307950 129828
307950 129828 364674 44530
364674 44530 303008 135762
303008 135762 275544 180430
275544 180430 257776 193900
257776 193900 328546 68606
328546 68606 337552 69068
337552 69068 343088 65174
343088 65174 332306 61476
332306 61476 269024 172824
269024 172824 209812 267402
209812 267402 188082 184906
188082 184906 247524 172044
247524 172044 214546 170412
214546 170412 279474 69876
279474 69876 182494 180538
182494 180538 145898 166928
145898 166928 85250 162106
85250 162106 182100 184026
182100 184026 186456 236480
186456 236480 145948 221964
145948 221964 77302 191684
77302 191684 164098 231696
164098 231696 57908 205090
57908 205090 146872 238738
146872 238738 47314 210822
47314 210822 191430 254742
191430 254742 76952 269356
76952 269356 123792 267846
123792 267846 46396 293586
46396 293586 62806 288532
62806 288532 164408 264358
164408 264358 66662 304450
66662 304450 37726 303530
37726 303530 40414 287672
40414 287672 21234 222632
21234 222632 25744 288840
25744 288840 26438 294852
26438 294852 66698 353174
66698 353174 68580 342296
68580 342296 37774 304298
37774 304298 66184 311030
66184 311030 103170 304836
103170 304836 151530 276578
151530 276578 116126 363558
116126 363558 101214 407934
101214 407934 65214 415414
65214 415414 67378 461020
67378 461020 100472 418358
100472 418358 153658 297590
153658 297590 209012 267304
209012 267304 223422 299482
223422 299482 198926 337186
198926 337186 150712 406398
150712 406398 145514 473594
145514 473594 149078 447742
149078 447742 163282 393430
163282 393430 185252 358844
185252 358844 275490 349814
275490 349814 291142 331704
291142 331704 323250 279316
323250 279316 309682 298828
309682 298828 302608 289646
302608 289646 299064 286598
299064 286598 297380 290608
297380 290608 305104 297918
305104 297918 274372 340364
274372 340364 194912 352706
194912 352706 249860 274572
249860 274572 247414 247860
247414 247860 287188 239108
287188 239108 316304 212722
316304 212722 423572 257640
423572 257640 360958 340872
360958 340872 321258 361724
321258 361724 339848 376254
339848 376254 360510 364310
360510 364310 366484 339950
366484 339950 396014 298596
396014 298596 385996 361750
385996 361750 381134 417864
381134 417864 381046 435026
381046 435026 286802 393946
286802 393946 315142 406678
315142 406678 290474 401178
290474 401178 293624 403156
293624 403156 376950 443210
376950 443210 299132 419096
299132 419096 240800 413872
240800 413872 337422 438070
337422 438070 173226 419960
173226 419960 232600 430626
232600 430626 377524 445842
377524 445842 387258 465890
387258 465890 323976 520800
323976 520800 267478 527794
267478 527794 320610 522886
320610 522886 316738 525486
316738 525486 251662 598942
251662 598942 318132 528214
318132 528214 382186 487030
382186 487030 357158 590230
357158 590230 371658 539732
371658 539732 389528 465486
389528 465486 451870 570792
451870 570792 378050 443630
378050 443630 416894 464458
416894 464458 419364 502848
419364 502848 419642 456068
419642 456068 383138 438042
383138 438042 402744 341796
402744 341796 396254 299124
396254 299124 422234 288678
422234 288678 420096 333682
420096 333682 414974 387862
414974 387862 458372 488534
458372 488534 419532 373490
419532 373490 437472 378780
437472 378780 488970 374016
488970 374016 508218 404352
508218 404352 486378 548678
486378 548678 493616 522174
493616 522174 518082 356794
518082 356794 452606 368666
452606 368666 427730 368288
427730 368288 428534 240048
428534 240048 477038 270038
477038 270038 545134 256736
545134 256736 592448 292382
592448 292382 597348 497804
597348 497804 578708 379386
578708 379386 589224 461930
589224 461930 555218 485856
555218 485856 503008 477962
503008 477962 589178 494618
589178 494618 449564 614868
449564 614868 94684 607370
94684 607370 222640 497690
222640 497690 157254 548640
157254 548640 83984 545108
83984 545108 137200 558988
137200 558988 117054 581082
117054 581082 83962 578792
83962 578792 38378 464040
38378 464040 33412 467512
33412 467512 2022 296926
2022 296926 1430 196166
Algorithm: convex_hull_edge_selection 3_
Area: 2.86517e+11
ratio: 151.93
construction time: 7224
