Optimal Area Polygonization
76 1632
260 2502
1186 2690
1208 1812
1090 2150
766 1606
352 2024
332 1658
448 1880
974 1150
1118 1890
1128 1794
1186 1644
1522 2340
1668 2284
1716 2022
1708 1374
1882 1830
1844 1012
2116 2222
2416 1358
2148 1520
2418 1072
2392 758
2078 948
2234 794
2338 586
2670 560
1986 54
1140 622
1062 408
540 1440
724 1006
624 712
662 672
768 384
1296 84
784 12
526 128
308 804
236 1552
212 2026
154 1960
174 1180
206 2442
76 1632 260 2502
260 2502 1186 2690
1186 2690 1208 1812
1208 1812 1090 2150
1090 2150 766 1606
766 1606 352 2024
352 2024 332 1658
332 1658 448 1880
448 1880 974 1150
974 1150 1118 1890
1118 1890 1128 1794
1128 1794 1186 1644
1186 1644 1522 2340
1522 2340 1668 2284
1668 2284 1716 2022
1716 2022 1708 1374
1708 1374 1882 1830
1882 1830 1844 1012
1844 1012 2116 2222
2116 2222 2416 1358
2416 1358 2148 1520
2148 1520 2418 1072
2418 1072 2392 758
2392 758 2078 948
2078 948 2234 794
2234 794 2338 586
2338 586 2670 560
2670 560 1986 54
1986 54 1140 622
1140 622 1062 408
1062 408 540 1440
540 1440 724 1006
724 1006 624 712
624 712 662 672
662 672 768 384
768 384 1296 84
1296 84 784 12
784 12 526 128
526 128 308 804
308 804 236 1552
236 1552 212 2026
212 2026 154 1960
154 1960 174 1180
174 1180 206 2442
206 2442 76 1632
Algorithm: simulated_annealing_max
area_initial 3.77965e+06
Area: 3.77965e+06
ratio_initial: 0.722527
ratio: 0.722527
construction time: 1
