Optimal Area Polygonization
52 6954
114 7216
138 7194
156 3248
260 10
284 5268
276 1636
312 4926
366 2120
460 758
638 4030
556 3338
592 4654
520 5630
662 4302
738 2532
726 5208
818 520
882 342
868 2828
958 5420
1004 5430
938 4784
968 4286
968 2882
926 2788
938 1212
868 12
1052 160
1098 2284
1030 6984
1062 4802
1098 4002
1126 1276
1304 5634
1478 6498
1582 7012
1680 7466
1324 5710
1250 4000
1332 5254
1504 6266
1704 7060
1458 5582
1802 6600
1368 4980
1166 2044
1272 2538
1826 5884
1238 2280
1154 82
2176 472
2010 584
1778 1586
2264 500
2066 1456
1866 3358
1980 2278
2194 4738
2222 4434
2070 2608
2136 1920
2294 2424
2174 3444
2320 2216
2244 7440
2244 7550
2342 1250
2486 10112
2510 2314
2708 128
4032 284
4834 48
3548 1418
3452 1536
3130 2290
4166 864
4494 788
4938 270
5748 2944
4964 14
6472 992
6610 3974
6706 1938
6854 1252
8416 526
11216 94
11792 1042
10840 920
9424 1226
9998 1172
9512 1430
10430 1330
9878 1904
8860 1336
9090 926
9020 692
7246 2818
8194 1690
8452 2474
8648 1500
9668 2226
10808 984
10954 1098
11660 1096
10894 1742
11886 1004
11512 2712
10544 3092
10846 3010
10666 3246
10504 3636
9814 3698
9028 4448
7990 3838
9042 3478
9714 3240
11400 2070
11092 2096
10460 2530
10148 2336
9912 2770
9782 2532
9558 3256
7856 3818
8378 4102
9028 4454
9502 5072
9520 4950
9344 4152
9648 3996
9754 3834
10018 3980
10746 3566
10880 3526
10326 4198
9790 5182
8778 5414
10046 5128
10682 3818
10532 4604
10622 5180
10310 6184
8662 5902
7642 3998
7938 4694
8138 5150
8752 6072
8184 6228
9830 6162
9836 6336
8280 6576
7562 7048
8828 6524
9216 6470
10290 6260
9590 8344
10032 7808
10554 5734
10890 6034
10810 6426
11352 5096
11936 6004
11820 5458
12206 4992
12476 5478
12242 4756
12722 4878
12262 4618
11712 5274
11338 4932
12340 3704
11494 4492
10962 5822
10698 5042
10750 4340
10982 3918
11220 3192
11620 2700
11898 2486
11878 2878
12334 3280
12046 2254
12002 1548
12246 1958
12378 1018
12028 1340
11992 1164
11430 282
12684 984
12824 2408
12830 2298
12940 788
13396 220
13388 496
13848 1380
13448 248
15394 708
16750 1016
13416 226
15882 678
16144 708
12974 72
16356 146
17550 624
19084 1544
17936 830
19646 544
18584 650
17608 538
16996 62
24568 262
24194 530
23852 430
23118 634
22800 738
22372 972
22912 792
22938 2004
23176 3768
23100 2582
22958 1296
23606 2142
23180 846
24644 870
24616 1340
25024 1812
23970 1616
25364 1946
25526 6206
24826 6870
25472 5520
24220 7712
23382 7162
23602 6370
23836 5926
24134 5754
24154 5570
24690 5986
23752 5202
22362 5396
22410 5748
22892 5352
23552 5548
23952 5502
23688 5960
23240 7272
21994 6114
21912 5446
24434 4654
24944 4638
24316 4542
21540 5556
21708 5950
21274 5944
20828 5484
20932 5042
24696 3412
24800 3258
24770 3242
25286 3248
24700 3240
21268 4862
22422 3856
21918 4270
22660 2528
22438 2940
21898 4034
21044 4800
21364 3876
21324 2898
22152 1782
21774 1908
21412 2660
21244 1058
21216 2688
20862 3058
19802 2958
19280 2018
19500 2558
19802 3216
20808 3264
21278 3240
20860 5050
20504 3908
20750 4800
20062 4610
18158 2742
19092 3660
20138 4746
20446 4802
19958 4824
19588 5186
18804 5434
18204 5676
18118 4592
17982 6394
17070 6474
16760 6274
17072 5900
16924 5468
17428 5290
16690 5302
16542 6346
17282 6618
18354 6382
18466 8560
18550 7966
18660 7162
18478 5632
20036 5144
20468 4802
20826 5056
20046 5578
19462 5980
20456 5352
20976 5718
22236 7640
21492 6284
22060 6200
22466 6712
23364 7586
22508 6986
23642 7814
24226 7724
23704 8330
20700 7726
19560 7342
19700 6804
19358 7636
19636 8852
19698 8626
19456 7600
21034 7940
23310 8352
19988 9838
22964 8578
23740 8434
24746 7558
24894 7032
25318 6984
22704 11994
21070 11052
19644 9820
18242 10056
18506 10134
19648 9882
22032 11848
20788 11170
20780 11040
20474 11510
20694 11202
22342 12064
14682 13318
13040 11946
14936 12910
15878 12542
15050 12798
13058 11518
13056 9530
13126 8382
13170 8486
13442 9028
14564 11172
14492 11842
15888 11550
17128 10938
16942 11946
17378 10664
18188 11396
17366 10522
17178 9906
17132 9904
16370 11006
15424 11434
14760 11314
14200 10432
15908 9630
15872 9572
14202 10114
13230 8590
13062 7954
13278 7382
14046 7004
14360 7500
14104 6534
14632 6166
15000 6740
14986 7914
15216 6204
15692 6188
16038 5738
15750 7846
15500 8004
15206 8114
15822 7938
16090 9988
16348 9138
15982 8038
15938 6570
16190 6770
16238 6950
16700 7912
17580 8850
18214 9426
17984 9104
17122 7550
17854 8014
17168 7236
16548 6988
16090 5722
15700 5692
15636 5840
14684 6150
14574 5428
16938 4820
15730 5130
14910 5190
16202 4592
14274 5368
14496 5662
14532 6068
13826 6358
13934 6494
13908 6792
13340 7154
14074 5406
14584 4940
14886 4420
16048 4092
14350 4406
14436 4716
13862 4404
14446 3146
14956 3190
14884 2876
15746 3184
16270 4642
16822 4784
18486 4316
17688 4472
17538 4170
17280 4386
16388 4538
16006 3540
17186 3704
18472 3846
16614 3590
16518 3022
17102 2850
17878 3368
17018 2426
18284 2188
18838 2320
18310 1838
18304 1846
17516 2052
16934 2306
16432 2956
15898 2542
15482 1652
14920 1200
14434 1022
14664 1176
15712 2444
16014 2738
16044 2754
16180 3238
14702 2694
14150 2868
14240 3132
13854 2976
14728 2378
14002 2202
14334 2620
13716 2878
14050 3186
13576 4884
13208 5286
13880 4636
14270 4738
13972 5498
13600 6286
13142 5954
13510 6404
13222 7324
12940 7446
12968 3454
12880 3892
12814 7104
11644 6570
12446 6972
10210 7404
12374 6990
12550 7630
12792 7476
12558 8078
12722 7918
12750 8760
12022 10326
8856 11898
8796 11512
9180 11542
8474 11466
8460 11026
9766 9652
10430 8776
8262 11102
8268 11558
8340 11638
6808 11462
7036 10524
7720 10058
8102 10024
8618 10536
8080 9964
7914 9532
8348 7644
7786 9672
7818 9942
6828 10398
6916 9468
6930 8886
7140 8896
6952 7886
7306 4860
7026 6610
6872 8750
6852 7414
6814 10502
6584 9338
6422 8360
6336 6970
5146 7892
5110 7288
4368 6166
4896 6172
4908 6692
4952 6120
5858 6076
5974 5848
4152 6136
4904 4448
5688 5428
5798 4830
4792 3866
6372 4286
3940 3532
4408 3972
4382 5218
3990 4644
4230 5102
4074 6342
3956 5674
3278 3974
3624 5276
3948 6108
3354 5674
4150 6632
3138 5976
2724 6158
2600 5382
2508 5724
2692 6436
2704 6334
3436 6484
3790 6872
2708 6738
3120 7014
2562 7286
4396 6824
4326 7382
3664 7614
3054 8096
3608 8472
3206 8868
3000 9862
3416 8862
4664 7380
4768 8750
4764 8002
5436 8186
6036 7556
6438 8998
5956 8154
6454 9088
6266 11748
4106 11976
5704 10854
5418 10590
3600 12166
2516 9838
2496 10184
1110 7982
1104 7980
666 5316
586 6656
310 5326
140 8238
68 8326
52 6954 114 7216
114 7216 138 7194
138 7194 156 3248
156 3248 260 10
260 10 284 5268
284 5268 276 1636
276 1636 312 4926
312 4926 366 2120
366 2120 460 758
460 758 638 4030
638 4030 556 3338
556 3338 592 4654
592 4654 520 5630
520 5630 662 4302
662 4302 738 2532
738 2532 726 5208
726 5208 818 520
818 520 882 342
882 342 868 2828
868 2828 958 5420
958 5420 1004 5430
1004 5430 938 4784
938 4784 968 4286
968 4286 968 2882
968 2882 926 2788
926 2788 938 1212
938 1212 868 12
868 12 1052 160
1052 160 1098 2284
1098 2284 1030 6984
1030 6984 1062 4802
1062 4802 1098 4002
1098 4002 1126 1276
1126 1276 1304 5634
1304 5634 1478 6498
1478 6498 1582 7012
1582 7012 1680 7466
1680 7466 1324 5710
1324 5710 1250 4000
1250 4000 1332 5254
1332 5254 1504 6266
1504 6266 1704 7060
1704 7060 1458 5582
1458 5582 1802 6600
1802 6600 1368 4980
1368 4980 1166 2044
1166 2044 1272 2538
1272 2538 1826 5884
1826 5884 1238 2280
1238 2280 1154 82
1154 82 2176 472
2176 472 2010 584
2010 584 1778 1586
1778 1586 2264 500
2264 500 2066 1456
2066 1456 1866 3358
1866 3358 1980 2278
1980 2278 2194 4738
2194 4738 2222 4434
2222 4434 2070 2608
2070 2608 2136 1920
2136 1920 2294 2424
2294 2424 2174 3444
2174 3444 2320 2216
2320 2216 2244 7440
2244 7440 2244 7550
2244 7550 2342 1250
2342 1250 2486 10112
2486 10112 2510 2314
2510 2314 2708 128
2708 128 4032 284
4032 284 4834 48
4834 48 3548 1418
3548 1418 3452 1536
3452 1536 3130 2290
3130 2290 4166 864
4166 864 4494 788
4494 788 4938 270
4938 270 5748 2944
5748 2944 4964 14
4964 14 6472 992
6472 992 6610 3974
6610 3974 6706 1938
6706 1938 6854 1252
6854 1252 8416 526
8416 526 11216 94
11216 94 11792 1042
11792 1042 10840 920
10840 920 9424 1226
9424 1226 9998 1172
9998 1172 9512 1430
9512 1430 10430 1330
10430 1330 9878 1904
9878 1904 8860 1336
8860 1336 9090 926
9090 926 9020 692
9020 692 7246 2818
7246 2818 8194 1690
8194 1690 8452 2474
8452 2474 8648 1500
8648 1500 9668 2226
9668 2226 10808 984
10808 984 10954 1098
10954 1098 11660 1096
11660 1096 10894 1742
10894 1742 11886 1004
11886 1004 11512 2712
11512 2712 10544 3092
10544 3092 10846 3010
10846 3010 10666 3246
10666 3246 10504 3636
10504 3636 9814 3698
9814 3698 9028 4448
9028 4448 7990 3838
7990 3838 9042 3478
9042 3478 9714 3240
9714 3240 11400 2070
11400 2070 11092 2096
11092 2096 10460 2530
10460 2530 10148 2336
10148 2336 9912 2770
9912 2770 9782 2532
9782 2532 9558 3256
9558 3256 7856 3818
7856 3818 8378 4102
8378 4102 9028 4454
9028 4454 9502 5072
9502 5072 9520 4950
9520 4950 9344 4152
9344 4152 9648 3996
9648 3996 9754 3834
9754 3834 10018 3980
10018 3980 10746 3566
10746 3566 10880 3526
10880 3526 10326 4198
10326 4198 9790 5182
9790 5182 8778 5414
8778 5414 10046 5128
10046 5128 10682 3818
10682 3818 10532 4604
10532 4604 10622 5180
10622 5180 10310 6184
10310 6184 8662 5902
8662 5902 7642 3998
7642 3998 7938 4694
7938 4694 8138 5150
8138 5150 8752 6072
8752 6072 8184 6228
8184 6228 9830 6162
9830 6162 9836 6336
9836 6336 8280 6576
8280 6576 7562 7048
7562 7048 8828 6524
8828 6524 9216 6470
9216 6470 10290 6260
10290 6260 9590 8344
9590 8344 10032 7808
10032 7808 10554 5734
10554 5734 10890 6034
10890 6034 10810 6426
10810 6426 11352 5096
11352 5096 11936 6004
11936 6004 11820 5458
11820 5458 12206 4992
12206 4992 12476 5478
12476 5478 12242 4756
12242 4756 12722 4878
12722 4878 12262 4618
12262 4618 11712 5274
11712 5274 11338 4932
11338 4932 12340 3704
12340 3704 11494 4492
11494 4492 10962 5822
10962 5822 10698 5042
10698 5042 10750 4340
10750 4340 10982 3918
10982 3918 11220 3192
11220 3192 11620 2700
11620 2700 11898 2486
11898 2486 11878 2878
11878 2878 12334 3280
12334 3280 12046 2254
12046 2254 12002 1548
12002 1548 12246 1958
12246 1958 12378 1018
12378 1018 12028 1340
12028 1340 11992 1164
11992 1164 11430 282
11430 282 12684 984
12684 984 12824 2408
12824 2408 12830 2298
12830 2298 12940 788
12940 788 13396 220
13396 220 13388 496
13388 496 13848 1380
13848 1380 13448 248
13448 248 15394 708
15394 708 16750 1016
16750 1016 13416 226
13416 226 15882 678
15882 678 16144 708
16144 708 12974 72
12974 72 16356 146
16356 146 17550 624
17550 624 19084 1544
19084 1544 17936 830
17936 830 19646 544
19646 544 18584 650
18584 650 17608 538
17608 538 16996 62
16996 62 24568 262
24568 262 24194 530
24194 530 23852 430
23852 430 23118 634
23118 634 22800 738
22800 738 22372 972
22372 972 22912 792
22912 792 22938 2004
22938 2004 23176 3768
23176 3768 23100 2582
23100 2582 22958 1296
22958 1296 23606 2142
23606 2142 23180 846
23180 846 24644 870
24644 870 24616 1340
24616 1340 25024 1812
25024 1812 23970 1616
23970 1616 25364 1946
25364 1946 25526 6206
25526 6206 24826 6870
24826 6870 25472 5520
25472 5520 24220 7712
24220 7712 23382 7162
23382 7162 23602 6370
23602 6370 23836 5926
23836 5926 24134 5754
24134 5754 24154 5570
24154 5570 24690 5986
24690 5986 23752 5202
23752 5202 22362 5396
22362 5396 22410 5748
22410 5748 22892 5352
22892 5352 23552 5548
23552 5548 23952 5502
23952 5502 23688 5960
23688 5960 23240 7272
23240 7272 21994 6114
21994 6114 21912 5446
21912 5446 24434 4654
24434 4654 24944 4638
24944 4638 24316 4542
24316 4542 21540 5556
21540 5556 21708 5950
21708 5950 21274 5944
21274 5944 20828 5484
20828 5484 20932 5042
20932 5042 24696 3412
24696 3412 24800 3258
24800 3258 24770 3242
24770 3242 25286 3248
25286 3248 24700 3240
24700 3240 21268 4862
21268 4862 22422 3856
22422 3856 21918 4270
21918 4270 22660 2528
22660 2528 22438 2940
22438 2940 21898 4034
21898 4034 21044 4800
21044 4800 21364 3876
21364 3876 21324 2898
21324 2898 22152 1782
22152 1782 21774 1908
21774 1908 21412 2660
21412 2660 21244 1058
21244 1058 21216 2688
21216 2688 20862 3058
20862 3058 19802 2958
19802 2958 19280 2018
19280 2018 19500 2558
19500 2558 19802 3216
19802 3216 20808 3264
20808 3264 21278 3240
21278 3240 20860 5050
20860 5050 20504 3908
20504 3908 20750 4800
20750 4800 20062 4610
20062 4610 18158 2742
18158 2742 19092 3660
19092 3660 20138 4746
20138 4746 20446 4802
20446 4802 19958 4824
19958 4824 19588 5186
19588 5186 18804 5434
18804 5434 18204 5676
18204 5676 18118 4592
18118 4592 17982 6394
17982 6394 17070 6474
17070 6474 16760 6274
16760 6274 17072 5900
17072 5900 16924 5468
16924 5468 17428 5290
17428 5290 16690 5302
16690 5302 16542 6346
16542 6346 17282 6618
17282 6618 18354 6382
18354 6382 18466 8560
18466 8560 18550 7966
18550 7966 18660 7162
18660 7162 18478 5632
18478 5632 20036 5144
20036 5144 20468 4802
20468 4802 20826 5056
20826 5056 20046 5578
20046 5578 19462 5980
19462 5980 20456 5352
20456 5352 20976 5718
20976 5718 22236 7640
22236 7640 21492 6284
21492 6284 22060 6200
22060 6200 22466 6712
22466 6712 23364 7586
23364 7586 22508 6986
22508 6986 23642 7814
23642 7814 24226 7724
24226 7724 23704 8330
23704 8330 20700 7726
20700 7726 19560 7342
19560 7342 19700 6804
19700 6804 19358 7636
19358 7636 19636 8852
19636 8852 19698 8626
19698 8626 19456 7600
19456 7600 21034 7940
21034 7940 23310 8352
23310 8352 19988 9838
19988 9838 22964 8578
22964 8578 23740 8434
23740 8434 24746 7558
24746 7558 24894 7032
24894 7032 25318 6984
25318 6984 22704 11994
22704 11994 21070 11052
21070 11052 19644 9820
19644 9820 18242 10056
18242 10056 18506 10134
18506 10134 19648 9882
19648 9882 22032 11848
22032 11848 20788 11170
20788 11170 20780 11040
20780 11040 20474 11510
20474 11510 20694 11202
20694 11202 22342 12064
22342 12064 14682 13318
14682 13318 13040 11946
13040 11946 14936 12910
14936 12910 15878 12542
15878 12542 15050 12798
15050 12798 13058 11518
13058 11518 13056 9530
13056 9530 13126 8382
13126 8382 13170 8486
13170 8486 13442 9028
13442 9028 14564 11172
14564 11172 14492 11842
14492 11842 15888 11550
15888 11550 17128 10938
17128 10938 16942 11946
16942 11946 17378 10664
17378 10664 18188 11396
18188 11396 17366 10522
17366 10522 17178 9906
17178 9906 17132 9904
17132 9904 16370 11006
16370 11006 15424 11434
15424 11434 14760 11314
14760 11314 14200 10432
14200 10432 15908 9630
15908 9630 15872 9572
15872 9572 14202 10114
14202 10114 13230 8590
13230 8590 13062 7954
13062 7954 13278 7382
13278 7382 14046 7004
14046 7004 14360 7500
14360 7500 14104 6534
14104 6534 14632 6166
14632 6166 15000 6740
15000 6740 14986 7914
14986 7914 15216 6204
15216 6204 15692 6188
15692 6188 16038 5738
16038 5738 15750 7846
15750 7846 15500 8004
15500 8004 15206 8114
15206 8114 15822 7938
15822 7938 16090 9988
16090 9988 16348 9138
16348 9138 15982 8038
15982 8038 15938 6570
15938 6570 16190 6770
16190 6770 16238 6950
16238 6950 16700 7912
16700 7912 17580 8850
17580 8850 18214 9426
18214 9426 17984 9104
17984 9104 17122 7550
17122 7550 17854 8014
17854 8014 17168 7236
17168 7236 16548 6988
16548 6988 16090 5722
16090 5722 15700 5692
15700 5692 15636 5840
15636 5840 14684 6150
14684 6150 14574 5428
14574 5428 16938 4820
16938 4820 15730 5130
15730 5130 14910 5190
14910 5190 16202 4592
16202 4592 14274 5368
14274 5368 14496 5662
14496 5662 14532 6068
14532 6068 13826 6358
13826 6358 13934 6494
13934 6494 13908 6792
13908 6792 13340 7154
13340 7154 14074 5406
14074 5406 14584 4940
14584 4940 14886 4420
14886 4420 16048 4092
16048 4092 14350 4406
14350 4406 14436 4716
14436 4716 13862 4404
13862 4404 14446 3146
14446 3146 14956 3190
14956 3190 14884 2876
14884 2876 15746 3184
15746 3184 16270 4642
16270 4642 16822 4784
16822 4784 18486 4316
18486 4316 17688 4472
17688 4472 17538 4170
17538 4170 17280 4386
17280 4386 16388 4538
16388 4538 16006 3540
16006 3540 17186 3704
17186 3704 18472 3846
18472 3846 16614 3590
16614 3590 16518 3022
16518 3022 17102 2850
17102 2850 17878 3368
17878 3368 17018 2426
17018 2426 18284 2188
18284 2188 18838 2320
18838 2320 18310 1838
18310 1838 18304 1846
18304 1846 17516 2052
17516 2052 16934 2306
16934 2306 16432 2956
16432 2956 15898 2542
15898 2542 15482 1652
15482 1652 14920 1200
14920 1200 14434 1022
14434 1022 14664 1176
14664 1176 15712 2444
15712 2444 16014 2738
16014 2738 16044 2754
16044 2754 16180 3238
16180 3238 14702 2694
14702 2694 14150 2868
14150 2868 14240 3132
14240 3132 13854 2976
13854 2976 14728 2378
14728 2378 14002 2202
14002 2202 14334 2620
14334 2620 13716 2878
13716 2878 14050 3186
14050 3186 13576 4884
13576 4884 13208 5286
13208 5286 13880 4636
13880 4636 14270 4738
14270 4738 13972 5498
13972 5498 13600 6286
13600 6286 13142 5954
13142 5954 13510 6404
13510 6404 13222 7324
13222 7324 12940 7446
12940 7446 12968 3454
12968 3454 12880 3892
12880 3892 12814 7104
12814 7104 11644 6570
11644 6570 12446 6972
12446 6972 10210 7404
10210 7404 12374 6990
12374 6990 12550 7630
12550 7630 12792 7476
12792 7476 12558 8078
12558 8078 12722 7918
12722 7918 12750 8760
12750 8760 12022 10326
12022 10326 8856 11898
8856 11898 8796 11512
8796 11512 9180 11542
9180 11542 8474 11466
8474 11466 8460 11026
8460 11026 9766 9652
9766 9652 10430 8776
10430 8776 8262 11102
8262 11102 8268 11558
8268 11558 8340 11638
8340 11638 6808 11462
6808 11462 7036 10524
7036 10524 7720 10058
7720 10058 8102 10024
8102 10024 8618 10536
8618 10536 8080 9964
8080 9964 7914 9532
7914 9532 8348 7644
8348 7644 7786 9672
7786 9672 7818 9942
7818 9942 6828 10398
6828 10398 6916 9468
6916 9468 6930 8886
6930 8886 7140 8896
7140 8896 6952 7886
6952 7886 7306 4860
7306 4860 7026 6610
7026 6610 6872 8750
6872 8750 6852 7414
6852 7414 6814 10502
6814 10502 6584 9338
6584 9338 6422 8360
6422 8360 6336 6970
6336 6970 5146 7892
5146 7892 5110 7288
5110 7288 4368 6166
4368 6166 4896 6172
4896 6172 4908 6692
4908 6692 4952 6120
4952 6120 5858 6076
5858 6076 5974 5848
5974 5848 4152 6136
4152 6136 4904 4448
4904 4448 5688 5428
5688 5428 5798 4830
5798 4830 4792 3866
4792 3866 6372 4286
6372 4286 3940 3532
3940 3532 4408 3972
4408 3972 4382 5218
4382 5218 3990 4644
3990 4644 4230 5102
4230 5102 4074 6342
4074 6342 3956 5674
3956 5674 3278 3974
3278 3974 3624 5276
3624 5276 3948 6108
3948 6108 3354 5674
3354 5674 4150 6632
4150 6632 3138 5976
3138 5976 2724 6158
2724 6158 2600 5382
2600 5382 2508 5724
2508 5724 2692 6436
2692 6436 2704 6334
2704 6334 3436 6484
3436 6484 3790 6872
3790 6872 2708 6738
2708 6738 3120 7014
3120 7014 2562 7286
2562 7286 4396 6824
4396 6824 4326 7382
4326 7382 3664 7614
3664 7614 3054 8096
3054 8096 3608 8472
3608 8472 3206 8868
3206 8868 3000 9862
3000 9862 3416 8862
3416 8862 4664 7380
4664 7380 4768 8750
4768 8750 4764 8002
4764 8002 5436 8186
5436 8186 6036 7556
6036 7556 6438 8998
6438 8998 5956 8154
5956 8154 6454 9088
6454 9088 6266 11748
6266 11748 4106 11976
4106 11976 5704 10854
5704 10854 5418 10590
5418 10590 3600 12166
3600 12166 2516 9838
2516 9838 2496 10184
2496 10184 1110 7982
1110 7982 1104 7980
1104 7980 666 5316
666 5316 586 6656
586 6656 310 5326
310 5326 140 8238
140 8238 68 8326
68 8326 52 6954
Algorithm: simulated_annealing_max
area_initial 2.13729e+08
Area: 2.35094e+08
ratio_initial: 0.709398
ratio: 0.78031
construction time: 560
