Optimal Area Polygonization
1430 196166
2022 296926
33412 467512
21234 222632
26438 294852
25744 288840
38378 464040
67378 461020
83962 578792
68580 342296
66698 353174
65214 415414
66184 311030
62806 288532
46396 293586
37774 304298
37726 303530
40414 287672
47314 210822
57908 205090
66662 304450
76952 269356
77302 191684
83984 545108
94684 607370
251662 598942
357158 590230
318132 528214
267478 527794
117054 581082
100472 418358
101214 407934
137200 558988
145514 473594
116126 363558
103170 304836
149078 447742
146872 238738
145948 221964
145898 166928
123792 267846
146088 74994
151530 276578
150712 406398
157254 548640
163282 393430
153658 297590
173226 419960
222640 497690
316738 525486
320610 522886
299132 419096
286802 393946
232600 430626
185252 358844
191430 254742
194912 352706
240800 413872
198926 337186
209012 267304
209812 267402
223422 299482
275490 349814
238754 245122
249860 274572
247414 247860
290474 401178
274372 340364
293624 403156
315142 406678
305104 297918
291142 331704
297380 290608
302608 289646
299064 286598
287188 239108
309682 298828
323976 520800
371658 539732
449564 614868
419364 502848
382186 487030
337422 438070
376950 443210
360510 364310
339848 376254
360958 340872
377524 445842
366484 339950
381134 417864
381046 435026
378050 443630
387258 465890
383138 438042
385996 361750
383708 233000
377640 234800
369966 175030
376494 178818
388382 113170
389528 465486
416894 464458
419642 456068
396014 298596
402744 341796
414974 387862
396254 299124
419532 373490
422234 288678
420096 333682
423572 257640
427730 368288
437472 378780
451870 570792
452606 368666
458372 488534
486378 548678
597348 497804
493616 522174
589178 494618
503008 477962
494526 220476
488970 374016
477038 270038
490238 258484
478770 130772
497074 199944
518082 356794
508218 404352
555218 485856
589224 461930
592448 292382
595574 124408
583712 252122
578708 379386
583208 216430
562762 207012
552366 243438
545134 256736
552464 173908
575226 146948
569558 66882
522852 102750
586632 48780
588606 34236
501608 54902
589154 24574
474100 11754
451906 117484
449852 246256
428534 240048
428228 227942
440820 188746
443332 110682
423156 52508
397732 182728
415546 49326
360982 101010
389018 40426
343088 65174
339614 186642
337570 205576
337552 69068
321258 361724
323250 279316
316304 212722
275544 180430
257776 193900
247524 172044
269024 172824
326514 216386
303008 135762
240022 98138
214546 170412
199828 74366
307950 129828
328546 68606
279474 69876
332306 61476
364674 44530
194704 15186
186456 236480
182100 184026
182494 180538
188082 184906
192744 7738
164098 231696
175186 75998
161860 63608
164408 264358
159934 73190
151506 123788
147570 19396
94562 116556
111516 66910
86200 26458
85250 162106
83218 31862
70346 25046
14752 49212
1430 196166 2022 296926
2022 296926 33412 467512
33412 467512 21234 222632
21234 222632 26438 294852
26438 294852 25744 288840
25744 288840 38378 464040
38378 464040 67378 461020
67378 461020 83962 578792
83962 578792 68580 342296
68580 342296 66698 353174
66698 353174 65214 415414
65214 415414 66184 311030
66184 311030 62806 288532
62806 288532 46396 293586
46396 293586 37774 304298
37774 304298 37726 303530
37726 303530 40414 287672
40414 287672 47314 210822
47314 210822 57908 205090
57908 205090 66662 304450
66662 304450 76952 269356
76952 269356 77302 191684
77302 191684 83984 545108
83984 545108 94684 607370
94684 607370 251662 598942
251662 598942 357158 590230
357158 590230 318132 528214
318132 528214 267478 527794
267478 527794 117054 581082
117054 581082 100472 418358
100472 418358 101214 407934
101214 407934 137200 558988
137200 558988 145514 473594
145514 473594 116126 363558
116126 363558 103170 304836
103170 304836 149078 447742
149078 447742 146872 238738
146872 238738 145948 221964
145948 221964 145898 166928
145898 166928 123792 267846
123792 267846 146088 74994
146088 74994 151530 276578
151530 276578 150712 406398
150712 406398 157254 548640
157254 548640 163282 393430
163282 393430 153658 297590
153658 297590 173226 419960
173226 419960 222640 497690
222640 497690 316738 525486
316738 525486 320610 522886
320610 522886 299132 419096
299132 419096 286802 393946
286802 393946 232600 430626
232600 430626 185252 358844
185252 358844 191430 254742
191430 254742 194912 352706
194912 352706 240800 413872
240800 413872 198926 337186
198926 337186 209012 267304
209012 267304 209812 267402
209812 267402 223422 299482
223422 299482 275490 349814
275490 349814 238754 245122
238754 245122 249860 274572
249860 274572 247414 247860
247414 247860 290474 401178
290474 401178 274372 340364
274372 340364 293624 403156
293624 403156 315142 406678
315142 406678 305104 297918
305104 297918 291142 331704
291142 331704 297380 290608
297380 290608 302608 289646
302608 289646 299064 286598
299064 286598 287188 239108
287188 239108 309682 298828
309682 298828 323976 520800
323976 520800 371658 539732
371658 539732 449564 614868
449564 614868 419364 502848
419364 502848 382186 487030
382186 487030 337422 438070
337422 438070 376950 443210
376950 443210 360510 364310
360510 364310 339848 376254
339848 376254 360958 340872
360958 340872 377524 445842
377524 445842 366484 339950
366484 339950 381134 417864
381134 417864 381046 435026
381046 435026 378050 443630
378050 443630 387258 465890
387258 465890 383138 438042
383138 438042 385996 361750
385996 361750 383708 233000
383708 233000 377640 234800
377640 234800 369966 175030
369966 175030 376494 178818
376494 178818 388382 113170
388382 113170 389528 465486
389528 465486 416894 464458
416894 464458 419642 456068
419642 456068 396014 298596
396014 298596 402744 341796
402744 341796 414974 387862
414974 387862 396254 299124
396254 299124 419532 373490
419532 373490 422234 288678
422234 288678 420096 333682
420096 333682 423572 257640
423572 257640 427730 368288
427730 368288 437472 378780
437472 378780 451870 570792
451870 570792 452606 368666
452606 368666 458372 488534
458372 488534 486378 548678
486378 548678 597348 497804
597348 497804 493616 522174
493616 522174 589178 494618
589178 494618 503008 477962
503008 477962 494526 220476
494526 220476 488970 374016
488970 374016 477038 270038
477038 270038 490238 258484
490238 258484 478770 130772
478770 130772 497074 199944
497074 199944 518082 356794
518082 356794 508218 404352
508218 404352 555218 485856
555218 485856 589224 461930
589224 461930 592448 292382
592448 292382 595574 124408
595574 124408 583712 252122
583712 252122 578708 379386
578708 379386 583208 216430
583208 216430 562762 207012
562762 207012 552366 243438
552366 243438 545134 256736
545134 256736 552464 173908
552464 173908 575226 146948
575226 146948 569558 66882
569558 66882 522852 102750
522852 102750 586632 48780
586632 48780 588606 34236
588606 34236 501608 54902
501608 54902 589154 24574
589154 24574 474100 11754
474100 11754 451906 117484
451906 117484 449852 246256
449852 246256 428534 240048
428534 240048 428228 227942
428228 227942 440820 188746
440820 188746 443332 110682
443332 110682 423156 52508
423156 52508 397732 182728
397732 182728 415546 49326
415546 49326 360982 101010
360982 101010 389018 40426
389018 40426 343088 65174
343088 65174 339614 186642
339614 186642 337570 205576
337570 205576 337552 69068
337552 69068 321258 361724
321258 361724 323250 279316
323250 279316 316304 212722
316304 212722 275544 180430
275544 180430 257776 193900
257776 193900 247524 172044
247524 172044 269024 172824
269024 172824 326514 216386
326514 216386 303008 135762
303008 135762 240022 98138
240022 98138 214546 170412
214546 170412 199828 74366
199828 74366 307950 129828
307950 129828 328546 68606
328546 68606 279474 69876
279474 69876 332306 61476
332306 61476 364674 44530
364674 44530 194704 15186
194704 15186 186456 236480
186456 236480 182100 184026
182100 184026 182494 180538
182494 180538 188082 184906
188082 184906 192744 7738
192744 7738 164098 231696
164098 231696 175186 75998
175186 75998 161860 63608
161860 63608 164408 264358
164408 264358 159934 73190
159934 73190 151506 123788
151506 123788 147570 19396
147570 19396 94562 116556
94562 116556 111516 66910
111516 66910 86200 26458
86200 26458 85250 162106
85250 162106 83218 31862
83218 31862 70346 25046
70346 25046 14752 49212
14752 49212 1430 196166
Algorithm: simulated_annealing_max
area_initial 2.30655e+11
Area: 2.35002e+11
ratio_initial: 122.308
ratio: 124.613
construction time: 43
