162 852
194 804
454 340
632 316
624 1410
470 1032
376 918
250 884
210 862
384 968
408 1072
408 1322
400 1514
344 1168
394 1884
426 1258
444 2028
452 2038
482 1596
518 1760
562 1546
566 2170
748 1238
844 1322
828 1570
952 812
1068 214
1076 218
1114 1164
1430 104
1198 2272
1264 2286
1426 724
1634 584
1652 1482
1652 2058
1704 484
1912 356
1844 622
1818 1158
1734 1100
1756 1386
1754 2038
1642 3720
1480 4250
1716 3542
1780 1396
1808 2222
1840 1332
1860 966
1884 1336
1896 1122
1908 632
1986 1230
2000 1394
2026 1020
2046 1420
2572 680
2492 1826
2260 2138
2380 2152
2522 2032
2604 730
2844 1066
2740 1688
2758 2632
2840 1130
2892 972
2898 994
2886 2216
2864 2642
2872 2690
2930 1092
2994 1228
3000 2702
3030 802
3032 814
3806 170
3852 206
4566 48
4812 126
4786 2130
4884 96
4796 4078
4746 2154
4614 2178
4612 2950
4600 3340
4654 2178
4736 3118
4772 3914
4684 4100
4676 4436
4624 4572
4516 2400
4486 2402
4326 2232
4112 2256
4316 2344
4320 2398
4364 2492
4370 2860
4430 2962
4372 4316
4348 4500
4338 4342
4318 4584
4270 4494
3834 1110
3538 1716
3156 1978
3054 2648
3106 3202
3180 2292
3202 2344
3648 1644
3664 1644
3680 1722
3904 1856
3804 2646
3974 2206
4186 4356
4088 3572
4090 3922
4174 4282
4128 4642
4068 4462
4022 4258
3996 4346
3976 4304
4074 4550
3974 4434
3884 3416
3704 3734
3702 3904
3664 4084
3648 2368
3430 2728
3520 3234
3622 3622
3584 3902
3576 4072
3448 3796
3334 4036
3238 3692
3210 3844
3274 3950
3344 4968
3188 4952
3126 4910
3018 4690
2994 4632
2898 4750
2848 4688
2834 4580
2788 4624
2834 4752
2848 4914
2766 4826
2744 4744
2808 5152
2626 5302
2610 5010
2594 5078
2584 4880
2596 5420
2568 5170
2570 5296
2540 4728
2476 3360
2476 5350
2466 4924
2470 5422
2440 5320
2416 4420
2430 5354
2354 3440
2378 4604
2360 5096
2304 5092
2296 5358
2274 5010
2272 5186
2094 3532
2188 4686
2202 5280
2462 5618
2194 5892
2090 5222
2102 5980
2552 5624
3090 5178
3418 5022
3746 3782
3780 3866
3750 4188
3764 4152
3808 4058
3852 4166
3886 4368
3892 4346
3904 4558
3924 4436
3970 4568
4026 4550
4060 4614
4110 4700
4364 4604
4308 4878
4380 4878
4438 2950
4494 2402
4522 3374
4600 4310
4518 4562
4510 4296
4490 4798
4478 4828
4444 4374
4444 4754
4398 4956
4650 4868
4696 4376
4736 3996
4770 4744
4756 4772
4758 5088
4832 3360
4970 126
5312 234
5382 2818
5352 3470
5344 4084
5324 4064
5278 3054
5268 3470
5150 2278
5148 2342
5186 2916
5224 3402
5266 3764
5196 4314
5132 4622
5084 4510
5040 3990
5006 4558
4964 3104
4928 3664
4884 4592
4846 3986
4868 4646
4866 5030
4904 4580
4942 4634
5046 4516
5076 5200
5280 4036
5298 4676
5238 5114
5326 4884
5414 2374
5420 2364
5574 1838
5588 2834
5506 2448
5492 2712
5448 3982
5496 2754
5492 3042
5502 3300
5536 2864
5566 3024
5540 3410
5596 2746
5568 3432
5544 3910
5532 4014
5518 4234
5448 4318
5406 4886
5578 4036
5612 2684
5738 1028
5856 1472
5828 1994
5810 2708
5834 1974
5986 244
6012 308
6080 228
6146 188
6122 2906
6088 2570
6064 2722
6038 2666
6082 3516
6024 4490
5996 2458
5890 2890
5982 2760
5996 2758
6028 4942
5980 4882
5814 3838
5772 3794
5756 3794
5778 3930
5934 4864
5986 4910
5976 5256
6052 4924
6102 3128
6154 2682
6174 2836
6234 3706
6102 4902
6124 4772
6124 4840
6222 4480
6260 2682
6268 2664
6290 2536
6336 2328
6374 2342
6402 2494
6416 2562
6432 3820
6444 2780
6520 2820
6452 3082
6496 2926
6502 3648
6498 4858
6538 2196
6588 2904
6552 4576
6540 4080
6520 4874
6550 5228
6632 2784
6654 2988
6666 2978
6674 2934
6664 4620
6678 2734
6676 3762
6678 4564
6772 496
6944 448
7052 622
7066 1648
7012 1680
7028 2180
7050 2970
7074 2186
7120 350
7306 466
7208 1568
7246 1934
7380 616
7420 1462
7430 3292
7452 334
7518 632
7486 1780
7542 468
9578 724
7578 640
7594 1632
7640 1368
7694 1378
7748 786
7830 916
7786 1280
7822 1548
7708 3146
7634 2972
7608 3288
7560 2764
7514 3108
7578 3954
7690 3120
7700 3742
7770 2992
7862 1142
7940 802
7896 2884
7846 3194
7874 3540
7968 1316
8188 1394
8196 1446
8908 1138
8690 1858
8912 1646
8848 3140
8786 4206
8714 3706
8664 4198
8618 4168
8594 4170
8590 4358
8714 4326
8628 4666
8586 5252
8420 4034
8358 3714
8314 3494
8294 3538
8406 4058
8552 5502
8636 5068
8760 4190
8814 4708
8922 1608
9172 970
9392 1278
8990 2698
8962 4242
8918 3276
8912 4782
8990 5016
9106 2818
9326 2014
9352 2006
9382 3048
9474 1798
9540 1078
9612 1380
9562 2188
9576 2192
9668 1344
9506 3636
9644 1816
9694 3580
9588 4628
9744 3710
9878 598
10054 698
9960 1614
9880 2942
9964 2714
10030 1986
10086 616
10162 620
10182 636
11476 252
11778 278
10190 1422
10264 1520
11056 820
10288 2528
10556 1978
10832 2536
11120 844
11226 826
11264 1258
11814 226
11586 756
11634 832
11680 1302
11772 486
12050 606
11802 1488
11918 1530
11964 1044
12026 1434
12164 310
12390 732
12208 3100
12280 3242
12402 724
12320 5682
12424 228
12440 246
12470 558
12774 870
12586 3232
12586 5636
12366 6762
12044 7124
11982 5052
11924 5520
11834 5394
12008 7092
11616 5662
11438 3922
11528 5310
11702 7176
11260 5364
11142 5302
11014 4750
11106 6424
11018 6708
10764 4594
10982 6720
10124 4428
10066 4006
10080 4818
10020 5568
9844 5102
9704 5336
9384 5894
9306 4362
9250 4890
9192 4922
9174 4874
9170 5066
9098 5144
9304 6148
11316 7022
10390 7010
8460 6952
8280 3968
8230 3442
8262 5314
8102 3782
8058 3828
8054 4678
8004 3898
8026 5144
7930 5060
8366 7056
8118 6800
7692 6068
7444 6060
8352 7082
7408 6496
7350 3010
7358 4234
7300 3500
7302 4222
7200 2914
7336 5216
7162 2888
7120 2004
7120 2042
7152 2734
7240 6222
7094 3866
7060 4292
7020 3768
6970 2006
6886 1642
6854 1626
6860 1708
6866 2306
6848 4466
6748 4726
6852 4474
6906 1870
6920 1828
6934 1952
6968 2302
6992 2962
7024 4072
7006 4110
7060 4680
6956 4460
6910 4330
7008 4970
7004 5422
6898 5844
7174 6350
7948 7090
7034 7002
6754 6264
6744 6576
6660 5886
6706 6540
6570 6664
6442 6916
6272 7136
6240 7182
6236 7044
6216 7126
6088 7010
6062 6958
5972 6042
5928 7108
5574 5248
5904 7088
4796 6740
4664 6806
3700 6132
2062 6498
1894 6018
1872 6000
1844 4674
1844 5900
1742 5956
1694 5970
1328 5562
1162 5140
1144 5284
1128 5230
918 5318
646 4980
450 4774
414 5176
162 852 194 804
194 804 454 340
454 340 632 316
632 316 624 1410
624 1410 470 1032
470 1032 376 918
376 918 250 884
250 884 210 862
210 862 384 968
384 968 408 1072
408 1072 408 1322
408 1322 400 1514
400 1514 344 1168
344 1168 394 1884
394 1884 426 1258
426 1258 444 2028
444 2028 452 2038
452 2038 482 1596
482 1596 518 1760
518 1760 562 1546
562 1546 566 2170
566 2170 748 1238
748 1238 844 1322
844 1322 828 1570
828 1570 952 812
952 812 1068 214
1068 214 1076 218
1076 218 1114 1164
1114 1164 1430 104
1430 104 1198 2272
1198 2272 1264 2286
1264 2286 1426 724
1426 724 1634 584
1634 584 1652 1482
1652 1482 1652 2058
1652 2058 1704 484
1704 484 1912 356
1912 356 1844 622
1844 622 1818 1158
1818 1158 1734 1100
1734 1100 1756 1386
1756 1386 1754 2038
1754 2038 1642 3720
1642 3720 1480 4250
1480 4250 1716 3542
1716 3542 1780 1396
1780 1396 1808 2222
1808 2222 1840 1332
1840 1332 1860 966
1860 966 1884 1336
1884 1336 1896 1122
1896 1122 1908 632
1908 632 1986 1230
1986 1230 2000 1394
2000 1394 2026 1020
2026 1020 2046 1420
2046 1420 2572 680
2572 680 2492 1826
2492 1826 2260 2138
2260 2138 2380 2152
2380 2152 2522 2032
2522 2032 2604 730
2604 730 2844 1066
2844 1066 2740 1688
2740 1688 2758 2632
2758 2632 2840 1130
2840 1130 2892 972
2892 972 2898 994
2898 994 2886 2216
2886 2216 2864 2642
2864 2642 2872 2690
2872 2690 2930 1092
2930 1092 2994 1228
2994 1228 3000 2702
3000 2702 3030 802
3030 802 3032 814
3032 814 3806 170
3806 170 3852 206
3852 206 4566 48
4566 48 4812 126
4812 126 4786 2130
4786 2130 4884 96
4884 96 4796 4078
4796 4078 4746 2154
4746 2154 4614 2178
4614 2178 4612 2950
4612 2950 4600 3340
4600 3340 4654 2178
4654 2178 4736 3118
4736 3118 4772 3914
4772 3914 4684 4100
4684 4100 4676 4436
4676 4436 4624 4572
4624 4572 4516 2400
4516 2400 4486 2402
4486 2402 4326 2232
4326 2232 4112 2256
4112 2256 4316 2344
4316 2344 4320 2398
4320 2398 4364 2492
4364 2492 4370 2860
4370 2860 4430 2962
4430 2962 4372 4316
4372 4316 4348 4500
4348 4500 4338 4342
4338 4342 4318 4584
4318 4584 4270 4494
4270 4494 3834 1110
3834 1110 3538 1716
3538 1716 3156 1978
3156 1978 3054 2648
3054 2648 3106 3202
3106 3202 3180 2292
3180 2292 3202 2344
3202 2344 3648 1644
3648 1644 3664 1644
3664 1644 3680 1722
3680 1722 3904 1856
3904 1856 3804 2646
3804 2646 3974 2206
3974 2206 4186 4356
4186 4356 4088 3572
4088 3572 4090 3922
4090 3922 4174 4282
4174 4282 4128 4642
4128 4642 4068 4462
4068 4462 4022 4258
4022 4258 3996 4346
3996 4346 3976 4304
3976 4304 4074 4550
4074 4550 3974 4434
3974 4434 3884 3416
3884 3416 3704 3734
3704 3734 3702 3904
3702 3904 3664 4084
3664 4084 3648 2368
3648 2368 3430 2728
3430 2728 3520 3234
3520 3234 3622 3622
3622 3622 3584 3902
3584 3902 3576 4072
3576 4072 3448 3796
3448 3796 3334 4036
3334 4036 3238 3692
3238 3692 3210 3844
3210 3844 3274 3950
3274 3950 3344 4968
3344 4968 3188 4952
3188 4952 3126 4910
3126 4910 3018 4690
3018 4690 2994 4632
2994 4632 2898 4750
2898 4750 2848 4688
2848 4688 2834 4580
2834 4580 2788 4624
2788 4624 2834 4752
2834 4752 2848 4914
2848 4914 2766 4826
2766 4826 2744 4744
2744 4744 2808 5152
2808 5152 2626 5302
2626 5302 2610 5010
2610 5010 2594 5078
2594 5078 2584 4880
2584 4880 2596 5420
2596 5420 2568 5170
2568 5170 2570 5296
2570 5296 2540 4728
2540 4728 2476 3360
2476 3360 2476 5350
2476 5350 2466 4924
2466 4924 2470 5422
2470 5422 2440 5320
2440 5320 2416 4420
2416 4420 2430 5354
2430 5354 2354 3440
2354 3440 2378 4604
2378 4604 2360 5096
2360 5096 2304 5092
2304 5092 2296 5358
2296 5358 2274 5010
2274 5010 2272 5186
2272 5186 2094 3532
2094 3532 2188 4686
2188 4686 2202 5280
2202 5280 2462 5618
2462 5618 2194 5892
2194 5892 2090 5222
2090 5222 2102 5980
2102 5980 2552 5624
2552 5624 3090 5178
3090 5178 3418 5022
3418 5022 3746 3782
3746 3782 3780 3866
3780 3866 3750 4188
3750 4188 3764 4152
3764 4152 3808 4058
3808 4058 3852 4166
3852 4166 3886 4368
3886 4368 3892 4346
3892 4346 3904 4558
3904 4558 3924 4436
3924 4436 3970 4568
3970 4568 4026 4550
4026 4550 4060 4614
4060 4614 4110 4700
4110 4700 4364 4604
4364 4604 4308 4878
4308 4878 4380 4878
4380 4878 4438 2950
4438 2950 4494 2402
4494 2402 4522 3374
4522 3374 4600 4310
4600 4310 4518 4562
4518 4562 4510 4296
4510 4296 4490 4798
4490 4798 4478 4828
4478 4828 4444 4374
4444 4374 4444 4754
4444 4754 4398 4956
4398 4956 4650 4868
4650 4868 4696 4376
4696 4376 4736 3996
4736 3996 4770 4744
4770 4744 4756 4772
4756 4772 4758 5088
4758 5088 4832 3360
4832 3360 4970 126
4970 126 5312 234
5312 234 5382 2818
5382 2818 5352 3470
5352 3470 5344 4084
5344 4084 5324 4064
5324 4064 5278 3054
5278 3054 5268 3470
5268 3470 5150 2278
5150 2278 5148 2342
5148 2342 5186 2916
5186 2916 5224 3402
5224 3402 5266 3764
5266 3764 5196 4314
5196 4314 5132 4622
5132 4622 5084 4510
5084 4510 5040 3990
5040 3990 5006 4558
5006 4558 4964 3104
4964 3104 4928 3664
4928 3664 4884 4592
4884 4592 4846 3986
4846 3986 4868 4646
4868 4646 4866 5030
4866 5030 4904 4580
4904 4580 4942 4634
4942 4634 5046 4516
5046 4516 5076 5200
5076 5200 5280 4036
5280 4036 5298 4676
5298 4676 5238 5114
5238 5114 5326 4884
5326 4884 5414 2374
5414 2374 5420 2364
5420 2364 5574 1838
5574 1838 5588 2834
5588 2834 5506 2448
5506 2448 5492 2712
5492 2712 5448 3982
5448 3982 5496 2754
5496 2754 5492 3042
5492 3042 5502 3300
5502 3300 5536 2864
5536 2864 5566 3024
5566 3024 5540 3410
5540 3410 5596 2746
5596 2746 5568 3432
5568 3432 5544 3910
5544 3910 5532 4014
5532 4014 5518 4234
5518 4234 5448 4318
5448 4318 5406 4886
5406 4886 5578 4036
5578 4036 5612 2684
5612 2684 5738 1028
5738 1028 5856 1472
5856 1472 5828 1994
5828 1994 5810 2708
5810 2708 5834 1974
5834 1974 5986 244
5986 244 6012 308
6012 308 6080 228
6080 228 6146 188
6146 188 6122 2906
6122 2906 6088 2570
6088 2570 6064 2722
6064 2722 6038 2666
6038 2666 6082 3516
6082 3516 6024 4490
6024 4490 5996 2458
5996 2458 5890 2890
5890 2890 5982 2760
5982 2760 5996 2758
5996 2758 6028 4942
6028 4942 5980 4882
5980 4882 5814 3838
5814 3838 5772 3794
5772 3794 5756 3794
5756 3794 5778 3930
5778 3930 5934 4864
5934 4864 5986 4910
5986 4910 5976 5256
5976 5256 6052 4924
6052 4924 6102 3128
6102 3128 6154 2682
6154 2682 6174 2836
6174 2836 6234 3706
6234 3706 6102 4902
6102 4902 6124 4772
6124 4772 6124 4840
6124 4840 6222 4480
6222 4480 6260 2682
6260 2682 6268 2664
6268 2664 6290 2536
6290 2536 6336 2328
6336 2328 6374 2342
6374 2342 6402 2494
6402 2494 6416 2562
6416 2562 6432 3820
6432 3820 6444 2780
6444 2780 6520 2820
6520 2820 6452 3082
6452 3082 6496 2926
6496 2926 6502 3648
6502 3648 6498 4858
6498 4858 6538 2196
6538 2196 6588 2904
6588 2904 6552 4576
6552 4576 6540 4080
6540 4080 6520 4874
6520 4874 6550 5228
6550 5228 6632 2784
6632 2784 6654 2988
6654 2988 6666 2978
6666 2978 6674 2934
6674 2934 6664 4620
6664 4620 6678 2734
6678 2734 6676 3762
6676 3762 6678 4564
6678 4564 6772 496
6772 496 6944 448
6944 448 7052 622
7052 622 7066 1648
7066 1648 7012 1680
7012 1680 7028 2180
7028 2180 7050 2970
7050 2970 7074 2186
7074 2186 7120 350
7120 350 7306 466
7306 466 7208 1568
7208 1568 7246 1934
7246 1934 7380 616
7380 616 7420 1462
7420 1462 7430 3292
7430 3292 7452 334
7452 334 7518 632
7518 632 7486 1780
7486 1780 7542 468
7542 468 9578 724
9578 724 7578 640
7578 640 7594 1632
7594 1632 7640 1368
7640 1368 7694 1378
7694 1378 7748 786
7748 786 7830 916
7830 916 7786 1280
7786 1280 7822 1548
7822 1548 7708 3146
7708 3146 7634 2972
7634 2972 7608 3288
7608 3288 7560 2764
7560 2764 7514 3108
7514 3108 7578 3954
7578 3954 7690 3120
7690 3120 7700 3742
7700 3742 7770 2992
7770 2992 7862 1142
7862 1142 7940 802
7940 802 7896 2884
7896 2884 7846 3194
7846 3194 7874 3540
7874 3540 7968 1316
7968 1316 8188 1394
8188 1394 8196 1446
8196 1446 8908 1138
8908 1138 8690 1858
8690 1858 8912 1646
8912 1646 8848 3140
8848 3140 8786 4206
8786 4206 8714 3706
8714 3706 8664 4198
8664 4198 8618 4168
8618 4168 8594 4170
8594 4170 8590 4358
8590 4358 8714 4326
8714 4326 8628 4666
8628 4666 8586 5252
8586 5252 8420 4034
8420 4034 8358 3714
8358 3714 8314 3494
8314 3494 8294 3538
8294 3538 8406 4058
8406 4058 8552 5502
8552 5502 8636 5068
8636 5068 8760 4190
8760 4190 8814 4708
8814 4708 8922 1608
8922 1608 9172 970
9172 970 9392 1278
9392 1278 8990 2698
8990 2698 8962 4242
8962 4242 8918 3276
8918 3276 8912 4782
8912 4782 8990 5016
8990 5016 9106 2818
9106 2818 9326 2014
9326 2014 9352 2006
9352 2006 9382 3048
9382 3048 9474 1798
9474 1798 9540 1078
9540 1078 9612 1380
9612 1380 9562 2188
9562 2188 9576 2192
9576 2192 9668 1344
9668 1344 9506 3636
9506 3636 9644 1816
9644 1816 9694 3580
9694 3580 9588 4628
9588 4628 9744 3710
9744 3710 9878 598
9878 598 10054 698
10054 698 9960 1614
9960 1614 9880 2942
9880 2942 9964 2714
9964 2714 10030 1986
10030 1986 10086 616
10086 616 10162 620
10162 620 10182 636
10182 636 11476 252
11476 252 11778 278
11778 278 10190 1422
10190 1422 10264 1520
10264 1520 11056 820
11056 820 10288 2528
10288 2528 10556 1978
10556 1978 10832 2536
10832 2536 11120 844
11120 844 11226 826
11226 826 11264 1258
11264 1258 11814 226
11814 226 11586 756
11586 756 11634 832
11634 832 11680 1302
11680 1302 11772 486
11772 486 12050 606
12050 606 11802 1488
11802 1488 11918 1530
11918 1530 11964 1044
11964 1044 12026 1434
12026 1434 12164 310
12164 310 12390 732
12390 732 12208 3100
12208 3100 12280 3242
12280 3242 12402 724
12402 724 12320 5682
12320 5682 12424 228
12424 228 12440 246
12440 246 12470 558
12470 558 12774 870
12774 870 12586 3232
12586 3232 12586 5636
12586 5636 12366 6762
12366 6762 12044 7124
12044 7124 11982 5052
11982 5052 11924 5520
11924 5520 11834 5394
11834 5394 12008 7092
12008 7092 11616 5662
11616 5662 11438 3922
11438 3922 11528 5310
11528 5310 11702 7176
11702 7176 11260 5364
11260 5364 11142 5302
11142 5302 11014 4750
11014 4750 11106 6424
11106 6424 11018 6708
11018 6708 10764 4594
10764 4594 10982 6720
10982 6720 10124 4428
10124 4428 10066 4006
10066 4006 10080 4818
10080 4818 10020 5568
10020 5568 9844 5102
9844 5102 9704 5336
9704 5336 9384 5894
9384 5894 9306 4362
9306 4362 9250 4890
9250 4890 9192 4922
9192 4922 9174 4874
9174 4874 9170 5066
9170 5066 9098 5144
9098 5144 9304 6148
9304 6148 11316 7022
11316 7022 10390 7010
10390 7010 8460 6952
8460 6952 8280 3968
8280 3968 8230 3442
8230 3442 8262 5314
8262 5314 8102 3782
8102 3782 8058 3828
8058 3828 8054 4678
8054 4678 8004 3898
8004 3898 8026 5144
8026 5144 7930 5060
7930 5060 8366 7056
8366 7056 8118 6800
8118 6800 7692 6068
7692 6068 7444 6060
7444 6060 8352 7082
8352 7082 7408 6496
7408 6496 7350 3010
7350 3010 7358 4234
7358 4234 7300 3500
7300 3500 7302 4222
7302 4222 7200 2914
7200 2914 7336 5216
7336 5216 7162 2888
7162 2888 7120 2004
7120 2004 7120 2042
7120 2042 7152 2734
7152 2734 7240 6222
7240 6222 7094 3866
7094 3866 7060 4292
7060 4292 7020 3768
7020 3768 6970 2006
6970 2006 6886 1642
6886 1642 6854 1626
6854 1626 6860 1708
6860 1708 6866 2306
6866 2306 6848 4466
6848 4466 6748 4726
6748 4726 6852 4474
6852 4474 6906 1870
6906 1870 6920 1828
6920 1828 6934 1952
6934 1952 6968 2302
6968 2302 6992 2962
6992 2962 7024 4072
7024 4072 7006 4110
7006 4110 7060 4680
7060 4680 6956 4460
6956 4460 6910 4330
6910 4330 7008 4970
7008 4970 7004 5422
7004 5422 6898 5844
6898 5844 7174 6350
7174 6350 7948 7090
7948 7090 7034 7002
7034 7002 6754 6264
6754 6264 6744 6576
6744 6576 6660 5886
6660 5886 6706 6540
6706 6540 6570 6664
6570 6664 6442 6916
6442 6916 6272 7136
6272 7136 6240 7182
6240 7182 6236 7044
6236 7044 6216 7126
6216 7126 6088 7010
6088 7010 6062 6958
6062 6958 5972 6042
5972 6042 5928 7108
5928 7108 5574 5248
5574 5248 5904 7088
5904 7088 4796 6740
4796 6740 4664 6806
4664 6806 3700 6132
3700 6132 2062 6498
2062 6498 1894 6018
1894 6018 1872 6000
1872 6000 1844 4674
1844 4674 1844 5900
1844 5900 1742 5956
1742 5956 1694 5970
1694 5970 1328 5562
1328 5562 1162 5140
1162 5140 1144 5284
1144 5284 1128 5230
1128 5230 918 5318
918 5318 646 4980
646 4980 450 4774
450 4774 414 5176
414 5176 162 852
Algorithm: incremental_edge_selection 3_initializtion 1b
Area: 5.95232e+07
ratio: 0.717831
construction time: 38047
