396 1444
778 1514
1234 1892
622 1312
1060 806
626 836
2224 228
4342 112
4028 160
6118 24
12162 150
9762 632
11298 338
11482 568
12160 524
12186 254
12706 1116
12432 1582
11982 1424
10850 1156
11428 1302
11218 1934
9818 1028
10812 1812
10644 1932
11144 2428
10470 2228
10266 1500
10686 3576
10520 2414
10792 2678
11206 2470
10896 3660
12148 3100
11242 3012
11360 2088
11734 1488
12712 1720
12688 3242
12234 7068
10598 7002
8402 7038
7690 6716
7150 6566
7984 7084
6938 7144
7038 7000
5880 6952
5954 6286
6012 5492
5874 6972
2508 5820
1078 5206
2332 5208
2336 5208
2620 5198
2850 5322
3430 5058
2650 5074
2090 5146
1630 5172
1162 5136
2256 4716
2354 4912
3312 4760
3088 4626
3786 4438
3926 4308
4296 4790
4660 4956
6062 4918
5214 4838
4446 4804
5928 4578
6472 4484
6938 4960
6048 5290
5876 5492
6364 5224
7240 5012
8012 5310
6682 4668
6408 3708
5934 2894
7852 2882
7634 3324
7546 3662
7842 3528
8336 4760
9084 5276
10192 6308
9118 5298
9474 5132
8966 4606
8344 4700
8104 3728
9026 4224
8920 4132
8482 3780
8862 3562
11788 4836
9224 3674
10118 3622
12120 4352
12148 4302
9432 3030
9296 2580
9306 2714
9186 2338
9336 2850
9602 3560
8982 3398
7924 3546
7864 2874
8226 2944
7646 2372
7704 2842
6580 2796
8080 1478
6956 2228
7670 1302
6566 2718
6342 2754
7288 1484
7804 690
7010 1828
6920 1796
6390 2622
5824 2836
6080 2678
6420 2168
6704 1754
6104 2624
7540 206
6210 2360
6176 2264
5778 1666
5604 1832
6144 2388
5740 2844
4984 2318
4430 2348
2596 554
3668 1690
3348 1530
3104 1622
2380 1202
4222 2292
2264 1938
2076 1572
1862 1426
1822 1160
1994 3528
1948 2240
2264 2132
5332 2596
5568 2934
5822 2850
6248 3662
6034 3632
6480 4186
6106 4256
5742 4538
4982 4632
4674 4674
5026 4512
4484 4756
4120 4548
3870 4228
3660 3994
4664 4172
4852 3864
5132 4004
5308 4040
5538 3978
4758 3650
4458 4126
4224 3924
3722 3812
3644 3812
3932 3306
3850 3052
5046 3496
5186 3584
4646 3222
5258 3488
4590 3190
3386 2964
3732 3324
3592 4082
3072 3350
2386 3754
3312 3826
3840 4332
2954 4656
2186 4544
2606 4738
2354 4816
2276 4652
806 5186
396 1444 778 1514
778 1514 1234 1892
1234 1892 622 1312
622 1312 1060 806
1060 806 626 836
626 836 2224 228
2224 228 4342 112
4342 112 4028 160
4028 160 6118 24
6118 24 12162 150
12162 150 9762 632
9762 632 11298 338
11298 338 11482 568
11482 568 12160 524
12160 524 12186 254
12186 254 12706 1116
12706 1116 12432 1582
12432 1582 11982 1424
11982 1424 10850 1156
10850 1156 11428 1302
11428 1302 11218 1934
11218 1934 9818 1028
9818 1028 10812 1812
10812 1812 10644 1932
10644 1932 11144 2428
11144 2428 10470 2228
10470 2228 10266 1500
10266 1500 10686 3576
10686 3576 10520 2414
10520 2414 10792 2678
10792 2678 11206 2470
11206 2470 10896 3660
10896 3660 12148 3100
12148 3100 11242 3012
11242 3012 11360 2088
11360 2088 11734 1488
11734 1488 12712 1720
12712 1720 12688 3242
12688 3242 12234 7068
12234 7068 10598 7002
10598 7002 8402 7038
8402 7038 7690 6716
7690 6716 7150 6566
7150 6566 7984 7084
7984 7084 6938 7144
6938 7144 7038 7000
7038 7000 5880 6952
5880 6952 5954 6286
5954 6286 6012 5492
6012 5492 5874 6972
5874 6972 2508 5820
2508 5820 1078 5206
1078 5206 2332 5208
2332 5208 2336 5208
2336 5208 2620 5198
2620 5198 2850 5322
2850 5322 3430 5058
3430 5058 2650 5074
2650 5074 2090 5146
2090 5146 1630 5172
1630 5172 1162 5136
1162 5136 2256 4716
2256 4716 2354 4912
2354 4912 3312 4760
3312 4760 3088 4626
3088 4626 3786 4438
3786 4438 3926 4308
3926 4308 4296 4790
4296 4790 4660 4956
4660 4956 6062 4918
6062 4918 5214 4838
5214 4838 4446 4804
4446 4804 5928 4578
5928 4578 6472 4484
6472 4484 6938 4960
6938 4960 6048 5290
6048 5290 5876 5492
5876 5492 6364 5224
6364 5224 7240 5012
7240 5012 8012 5310
8012 5310 6682 4668
6682 4668 6408 3708
6408 3708 5934 2894
5934 2894 7852 2882
7852 2882 7634 3324
7634 3324 7546 3662
7546 3662 7842 3528
7842 3528 8336 4760
8336 4760 9084 5276
9084 5276 10192 6308
10192 6308 9118 5298
9118 5298 9474 5132
9474 5132 8966 4606
8966 4606 8344 4700
8344 4700 8104 3728
8104 3728 9026 4224
9026 4224 8920 4132
8920 4132 8482 3780
8482 3780 8862 3562
8862 3562 11788 4836
11788 4836 9224 3674
9224 3674 10118 3622
10118 3622 12120 4352
12120 4352 12148 4302
12148 4302 9432 3030
9432 3030 9296 2580
9296 2580 9306 2714
9306 2714 9186 2338
9186 2338 9336 2850
9336 2850 9602 3560
9602 3560 8982 3398
8982 3398 7924 3546
7924 3546 7864 2874
7864 2874 8226 2944
8226 2944 7646 2372
7646 2372 7704 2842
7704 2842 6580 2796
6580 2796 8080 1478
8080 1478 6956 2228
6956 2228 7670 1302
7670 1302 6566 2718
6566 2718 6342 2754
6342 2754 7288 1484
7288 1484 7804 690
7804 690 7010 1828
7010 1828 6920 1796
6920 1796 6390 2622
6390 2622 5824 2836
5824 2836 6080 2678
6080 2678 6420 2168
6420 2168 6704 1754
6704 1754 6104 2624
6104 2624 7540 206
7540 206 6210 2360
6210 2360 6176 2264
6176 2264 5778 1666
5778 1666 5604 1832
5604 1832 6144 2388
6144 2388 5740 2844
5740 2844 4984 2318
4984 2318 4430 2348
4430 2348 2596 554
2596 554 3668 1690
3668 1690 3348 1530
3348 1530 3104 1622
3104 1622 2380 1202
2380 1202 4222 2292
4222 2292 2264 1938
2264 1938 2076 1572
2076 1572 1862 1426
1862 1426 1822 1160
1822 1160 1994 3528
1994 3528 1948 2240
1948 2240 2264 2132
2264 2132 5332 2596
5332 2596 5568 2934
5568 2934 5822 2850
5822 2850 6248 3662
6248 3662 6034 3632
6034 3632 6480 4186
6480 4186 6106 4256
6106 4256 5742 4538
5742 4538 4982 4632
4982 4632 4674 4674
4674 4674 5026 4512
5026 4512 4484 4756
4484 4756 4120 4548
4120 4548 3870 4228
3870 4228 3660 3994
3660 3994 4664 4172
4664 4172 4852 3864
4852 3864 5132 4004
5132 4004 5308 4040
5308 4040 5538 3978
5538 3978 4758 3650
4758 3650 4458 4126
4458 4126 4224 3924
4224 3924 3722 3812
3722 3812 3644 3812
3644 3812 3932 3306
3932 3306 3850 3052
3850 3052 5046 3496
5046 3496 5186 3584
5186 3584 4646 3222
4646 3222 5258 3488
5258 3488 4590 3190
4590 3190 3386 2964
3386 2964 3732 3324
3732 3324 3592 4082
3592 4082 3072 3350
3072 3350 2386 3754
2386 3754 3312 3826
3312 3826 3840 4332
3840 4332 2954 4656
2954 4656 2186 4544
2186 4544 2606 4738
2606 4738 2354 4816
2354 4816 2276 4652
2276 4652 806 5186
806 5186 396 1444
Algorithm: convex_hull_edge_selection 3_initializtion 1b
Area: 6.87381e+07
ratio: 0.888947
construction time: 9918
